# unix_time, cycles_done, cur_path, paths_total, pending_total, pending_favs, map_size, unique_crashes, unique_hangs, max_depth, execs_per_sec
1523065176, 0, 0, 4, 4, 2, 11.28%, 0, 0, 1, 0.00
1523065181, 0, 0, 32, 32, 2, 11.56%, 0, 0, 2, 100.27
1523065186, 0, 0, 58, 58, 2, 11.62%, 0, 0, 2, 130.00
1523065191, 0, 0, 69, 69, 2, 12.28%, 0, 0, 2, 135.44
1523065196, 0, 0, 90, 90, 2, 12.33%, 0, 0, 2, 149.01
1523065201, 0, 0, 105, 105, 2, 12.38%, 0, 0, 2, 136.67
1523065206, 0, 0, 120, 120, 2, 12.48%, 0, 0, 2, 142.11
1523065212, 0, 0, 129, 129, 2, 12.48%, 0, 0, 2, 144.39
1523065217, 0, 0, 131, 131, 2, 12.48%, 0, 0, 2, 99.62
1523065222, 0, 0, 137, 137, 2, 12.56%, 0, 0, 2, 116.98
1523065227, 0, 0, 141, 141, 2, 12.61%, 0, 0, 2, 137.40
1523065232, 0, 0, 144, 144, 2, 12.62%, 0, 0, 2, 147.99
1523065237, 0, 0, 151, 151, 2, 12.64%, 0, 0, 2, 160.16
1523065242, 0, 0, 167, 167, 2, 12.65%, 0, 0, 2, 162.97
1523065247, 0, 0, 170, 170, 2, 12.65%, 0, 0, 2, 152.85
1523065252, 0, 0, 172, 172, 2, 12.65%, 0, 0, 2, 145.66
1523065257, 0, 0, 177, 177, 2, 12.66%, 0, 0, 2, 150.23
1523065263, 0, 0, 179, 179, 2, 12.67%, 0, 0, 2, 142.95
1523065268, 0, 0, 182, 182, 2, 12.67%, 0, 0, 2, 143.61
1523065273, 0, 0, 183, 183, 2, 12.67%, 0, 0, 2, 142.71
1523065278, 0, 0, 184, 184, 2, 12.67%, 0, 0, 2, 146.11
1523065283, 0, 0, 185, 185, 2, 12.67%, 0, 0, 2, 145.79
1523065298, 0, 0, 189, 189, 2, 12.67%, 0, 0, 2, 139.11
1523065304, 0, 0, 197, 197, 2, 12.70%, 0, 0, 2, 160.67
1523065309, 0, 0, 200, 200, 2, 12.70%, 0, 0, 2, 149.59
1523065314, 0, 0, 202, 202, 2, 12.70%, 0, 0, 2, 149.67
1523065319, 0, 0, 204, 204, 2, 12.70%, 0, 0, 2, 146.05
1523065324, 0, 0, 206, 206, 2, 12.70%, 0, 0, 2, 150.80
1523065345, 0, 0, 207, 207, 2, 12.70%, 0, 0, 2, 146.57
1523065350, 0, 0, 209, 209, 2, 12.70%, 0, 0, 2, 144.77
1523065360, 0, 0, 210, 210, 2, 12.71%, 0, 0, 2, 155.89
1523065365, 0, 0, 211, 211, 2, 12.71%, 0, 0, 2, 159.36
1523065370, 0, 0, 212, 212, 2, 12.71%, 0, 0, 2, 151.66
1523065380, 0, 0, 213, 213, 2, 12.71%, 0, 0, 2, 150.77
1523065386, 0, 0, 214, 214, 2, 12.71%, 0, 0, 2, 150.33
1523065391, 0, 0, 215, 215, 2, 12.71%, 0, 0, 2, 150.84
1523065396, 0, 0, 217, 217, 2, 12.71%, 0, 0, 2, 158.82
1523065401, 0, 0, 218, 218, 2, 12.71%, 0, 0, 2, 152.94
1523065406, 0, 0, 221, 221, 2, 12.72%, 0, 0, 2, 128.96
1523065416, 0, 0, 222, 222, 2, 12.72%, 0, 0, 2, 146.06
1523065421, 0, 0, 232, 232, 2, 12.76%, 0, 0, 2, 146.80
1523065437, 0, 0, 234, 234, 2, 12.77%, 0, 0, 2, 152.81
1523065442, 0, 0, 235, 235, 2, 12.77%, 0, 0, 2, 143.65
1523065457, 0, 0, 239, 239, 2, 12.77%, 0, 0, 2, 150.84
1523065463, 0, 0, 244, 244, 2, 12.77%, 0, 0, 2, 141.51
1523065468, 0, 0, 245, 245, 2, 12.77%, 0, 0, 2, 139.20
1523065493, 0, 0, 249, 249, 2, 12.78%, 0, 0, 2, 145.58
1523065498, 0, 0, 250, 250, 2, 12.78%, 0, 0, 2, 56.40
1523065514, 0, 0, 254, 254, 2, 12.79%, 0, 0, 2, 134.14
1523065519, 0, 0, 261, 261, 2, 12.80%, 0, 0, 2, 158.14
1523065524, 0, 0, 273, 273, 2, 12.82%, 0, 0, 2, 168.84
1523065529, 0, 0, 278, 278, 2, 12.83%, 0, 0, 2, 174.32
1523065534, 0, 0, 280, 280, 2, 12.83%, 0, 0, 2, 168.15
1523065539, 0, 0, 285, 285, 2, 12.83%, 0, 0, 2, 150.09
1523065544, 0, 0, 289, 289, 2, 13.06%, 0, 0, 2, 157.74
1523065550, 0, 0, 295, 295, 2, 13.07%, 0, 0, 2, 165.45
1523065555, 0, 0, 300, 300, 2, 13.07%, 0, 0, 2, 169.28
1523065560, 0, 0, 303, 303, 2, 13.07%, 0, 0, 2, 168.93
1523065565, 0, 0, 305, 305, 2, 13.08%, 0, 0, 2, 176.11
1523065570, 0, 0, 308, 308, 2, 13.08%, 0, 0, 2, 176.29
1523065575, 0, 0, 311, 311, 2, 13.08%, 0, 0, 2, 180.60
1523065586, 0, 0, 316, 316, 2, 13.09%, 0, 0, 2, 180.15
1523065591, 0, 0, 320, 320, 2, 13.09%, 0, 0, 2, 172.61
1523065596, 0, 0, 321, 321, 2, 13.09%, 0, 0, 2, 177.75
1523065601, 0, 0, 323, 323, 2, 13.09%, 0, 0, 2, 173.47
1523065611, 0, 0, 324, 324, 2, 13.09%, 0, 0, 2, 171.16
1523065621, 0, 0, 325, 325, 2, 13.09%, 0, 0, 2, 159.16
1523065631, 0, 0, 327, 327, 2, 13.09%, 0, 0, 2, 156.46
1523065652, 0, 0, 328, 328, 2, 13.09%, 0, 0, 2, 161.29
1523065667, 0, 2, 329, 328, 105, 13.10%, 0, 0, 2, 176.31
1523065744, 0, 4, 329, 327, 105, 13.10%, 0, 0, 2, 161.15
1523065801, 0, 5, 329, 326, 104, 13.10%, 0, 0, 2, 158.24
1523065857, 0, 6, 329, 325, 103, 13.10%, 0, 0, 2, 163.02
1523065903, 0, 6, 330, 326, 103, 13.10%, 0, 0, 3, 170.95
1523065914, 0, 6, 331, 327, 103, 13.10%, 0, 0, 3, 169.97
1523065924, 0, 7, 331, 326, 103, 13.10%, 0, 0, 3, 168.44
1523065986, 0, 13, 331, 325, 102, 13.10%, 0, 0, 3, 199.09
1523065996, 0, 22, 331, 324, 101, 13.10%, 0, 0, 3, 183.02
1523066001, 0, 22, 334, 327, 101, 13.10%, 0, 0, 3, 164.30
1523066006, 0, 22, 335, 328, 101, 13.10%, 0, 0, 3, 159.84
1523066011, 0, 22, 338, 331, 101, 13.10%, 0, 0, 3, 160.55
1523066022, 0, 22, 341, 334, 101, 13.10%, 0, 0, 3, 161.00
1523066037, 0, 22, 342, 335, 101, 13.10%, 0, 0, 3, 143.10
1523066047, 0, 22, 343, 336, 101, 13.10%, 0, 0, 3, 116.65
1523066088, 0, 22, 344, 337, 101, 13.10%, 0, 0, 3, 153.80
1523066159, 0, 22, 345, 338, 101, 13.10%, 0, 0, 3, 159.16
1523066219, 0, 22, 346, 339, 101, 13.10%, 0, 0, 3, 165.70
1523066230, 0, 22, 348, 341, 101, 13.10%, 0, 0, 3, 181.41
1523066245, 0, 22, 349, 342, 101, 13.10%, 0, 0, 3, 186.89
1523066250, 0, 22, 350, 343, 101, 13.10%, 0, 0, 3, 183.72
1523066255, 0, 22, 352, 345, 101, 13.10%, 0, 0, 3, 186.58
1523066261, 0, 22, 354, 347, 101, 13.10%, 0, 0, 3, 182.58
1523066286, 0, 22, 355, 348, 101, 13.10%, 0, 0, 3, 185.94
1523066302, 0, 22, 356, 349, 101, 13.11%, 0, 0, 3, 185.12
1523066312, 0, 22, 357, 350, 101, 13.11%, 0, 0, 3, 187.13
1523066317, 0, 22, 358, 351, 101, 13.11%, 0, 0, 3, 186.23
1523066332, 0, 22, 360, 353, 101, 13.11%, 0, 0, 3, 183.08
1523066342, 0, 22, 361, 354, 101, 13.11%, 0, 0, 3, 180.48
1523066348, 0, 22, 362, 355, 101, 13.11%, 0, 0, 3, 182.93
1523066353, 0, 22, 363, 356, 101, 13.11%, 0, 0, 3, 186.62
1523066379, 0, 22, 364, 357, 101, 13.11%, 0, 0, 3, 184.06
1523066384, 0, 22, 365, 358, 101, 13.11%, 0, 0, 3, 185.75
1523066389, 0, 22, 366, 359, 101, 13.11%, 0, 0, 3, 184.71
1523066399, 0, 26, 366, 358, 100, 13.11%, 0, 0, 3, 186.38
1523066440, 0, 26, 367, 359, 100, 13.11%, 0, 0, 3, 188.91
1523066450, 0, 28, 367, 358, 99, 13.11%, 0, 0, 3, 191.80
1523066502, 0, 38, 367, 357, 98, 13.11%, 0, 0, 3, 183.67
1523066528, 0, 38, 368, 358, 98, 13.11%, 0, 0, 3, 148.90
1523066564, 0, 38, 369, 359, 98, 13.11%, 0, 0, 3, 147.46
1523066585, 0, 38, 370, 360, 98, 13.11%, 0, 0, 3, 144.15
1523066590, 0, 38, 371, 361, 98, 13.11%, 0, 0, 3, 142.25
1523066600, 0, 38, 372, 362, 98, 13.11%, 0, 0, 3, 143.06
1523066662, 0, 38, 373, 363, 98, 13.11%, 0, 0, 3, 147.67
1523066693, 0, 38, 374, 364, 98, 13.11%, 0, 0, 3, 156.56
1523066729, 0, 38, 375, 365, 98, 13.11%, 0, 0, 3, 143.83
1523066816, 0, 38, 376, 366, 98, 13.11%, 0, 0, 3, 181.77
1523066822, 0, 38, 377, 367, 98, 13.11%, 0, 0, 3, 186.67
1523066827, 0, 38, 378, 368, 98, 13.11%, 0, 0, 3, 187.66
1523066832, 0, 38, 379, 369, 98, 13.11%, 0, 0, 3, 189.12
1523066894, 0, 38, 380, 370, 98, 13.11%, 0, 0, 3, 186.60
1523066899, 0, 38, 381, 371, 98, 13.11%, 0, 0, 3, 184.43
1523066904, 0, 38, 382, 372, 98, 13.11%, 0, 0, 3, 185.87
1523066909, 0, 38, 384, 374, 98, 13.11%, 0, 0, 3, 186.78
1523066930, 0, 38, 385, 375, 98, 13.11%, 0, 0, 3, 187.58
1523066935, 0, 38, 386, 376, 98, 13.11%, 0, 0, 3, 188.42
1523066940, 0, 38, 387, 377, 98, 13.11%, 0, 0, 3, 184.20
1523066945, 0, 38, 388, 378, 98, 13.11%, 0, 0, 3, 179.43
1523066950, 0, 38, 389, 379, 98, 13.11%, 0, 0, 3, 182.23
1523066955, 0, 38, 390, 380, 98, 13.11%, 0, 0, 3, 183.82
1523066966, 0, 38, 391, 381, 98, 13.11%, 0, 0, 3, 186.48
1523066976, 0, 38, 392, 382, 98, 13.11%, 0, 0, 3, 187.22
1523066992, 0, 43, 392, 381, 98, 13.11%, 0, 0, 3, 193.94
1523067058, 0, 44, 392, 380, 97, 13.11%, 0, 0, 3, 194.16
1523067115, 0, 45, 392, 379, 96, 13.11%, 0, 0, 3, 196.31
1523067176, 0, 61, 393, 379, 95, 13.11%, 0, 0, 3, 161.71
1523067187, 0, 61, 394, 380, 95, 13.11%, 0, 0, 3, 148.92
1523067192, 0, 61, 396, 382, 95, 13.11%, 0, 0, 3, 146.17
1523067197, 0, 61, 397, 383, 95, 13.11%, 0, 0, 3, 144.79
1523067207, 0, 61, 398, 384, 95, 13.11%, 0, 0, 3, 146.93
1523067295, 0, 61, 399, 385, 95, 13.11%, 0, 0, 3, 144.49
1523067362, 0, 61, 400, 386, 95, 13.11%, 0, 0, 3, 144.88
1523067382, 0, 61, 401, 387, 95, 13.11%, 0, 0, 3, 143.80
1523067398, 0, 61, 402, 388, 95, 13.11%, 0, 0, 3, 143.67
1523067439, 0, 61, 403, 389, 95, 13.11%, 0, 0, 3, 142.51
1523067454, 0, 61, 405, 391, 95, 13.11%, 0, 0, 3, 144.21
1523067470, 0, 61, 406, 392, 95, 13.11%, 0, 0, 3, 148.90
1523067485, 0, 61, 407, 393, 95, 13.11%, 0, 0, 3, 171.02
1523067495, 0, 61, 408, 394, 95, 13.11%, 0, 0, 3, 186.04
1523067505, 0, 62, 408, 393, 97, 13.11%, 0, 0, 3, 181.47
1523067511, 0, 62, 409, 394, 97, 13.12%, 0, 0, 3, 152.05
1523067516, 0, 62, 410, 395, 97, 13.12%, 0, 0, 3, 148.88
1523067521, 0, 62, 415, 400, 97, 13.13%, 0, 0, 3, 148.63
1523067526, 0, 62, 419, 404, 97, 13.13%, 0, 0, 3, 147.08
1523067531, 0, 62, 423, 408, 97, 13.14%, 0, 0, 3, 146.89
1523067536, 0, 62, 425, 410, 97, 13.14%, 0, 0, 3, 150.81
1523067541, 0, 62, 429, 414, 97, 13.14%, 0, 0, 3, 146.12
1523067547, 0, 62, 430, 415, 97, 13.14%, 0, 0, 3, 147.15
1523067557, 0, 62, 433, 418, 97, 13.15%, 0, 0, 3, 156.06
1523067562, 0, 62, 436, 421, 97, 13.15%, 0, 0, 3, 147.63
1523067567, 0, 62, 437, 422, 97, 13.15%, 0, 0, 3, 145.22
1523067572, 0, 62, 439, 424, 97, 13.16%, 0, 0, 3, 149.53
1523067577, 0, 62, 440, 425, 97, 13.16%, 0, 0, 3, 145.27
1523067582, 0, 62, 443, 428, 97, 13.16%, 0, 0, 3, 145.59
1523067588, 0, 62, 444, 429, 97, 13.16%, 0, 0, 3, 145.08
1523067593, 0, 62, 445, 430, 97, 13.16%, 0, 0, 3, 144.80
1523067603, 0, 62, 446, 431, 97, 13.16%, 0, 0, 3, 145.25
1523067608, 0, 62, 447, 432, 97, 13.16%, 0, 0, 3, 144.47
1523067619, 0, 62, 449, 434, 97, 13.17%, 0, 0, 3, 152.09
1523067639, 0, 62, 450, 435, 97, 13.17%, 0, 0, 3, 144.36
1523067655, 0, 62, 454, 439, 97, 13.17%, 0, 0, 3, 148.35
1523067660, 0, 62, 456, 441, 97, 13.17%, 0, 0, 3, 143.37
1523067670, 0, 62, 457, 442, 97, 13.17%, 0, 0, 3, 142.14
1523067675, 0, 62, 458, 443, 97, 13.17%, 0, 0, 3, 143.83
1523067696, 0, 62, 460, 445, 97, 13.17%, 0, 0, 3, 145.49
1523067701, 0, 62, 461, 446, 97, 13.17%, 0, 0, 3, 145.78
1523067727, 0, 62, 462, 447, 97, 13.17%, 0, 0, 3, 144.25
1523067742, 0, 62, 464, 449, 97, 13.17%, 0, 0, 3, 146.79
1523067747, 0, 62, 465, 450, 97, 13.17%, 0, 0, 3, 145.45
1523067752, 0, 62, 467, 452, 97, 13.17%, 0, 0, 3, 145.88
1523067758, 0, 62, 469, 454, 97, 13.17%, 0, 0, 3, 146.46
1523067773, 0, 62, 471, 456, 97, 13.17%, 0, 0, 3, 147.28
1523067804, 0, 62, 472, 457, 97, 13.17%, 0, 0, 3, 145.94
1523067825, 0, 62, 473, 458, 97, 13.17%, 0, 0, 3, 145.78
1523067830, 0, 62, 474, 459, 97, 13.17%, 0, 0, 3, 170.28
1523067840, 0, 65, 474, 458, 102, 13.17%, 0, 0, 3, 174.42
1523067907, 0, 65, 475, 459, 102, 13.17%, 0, 0, 3, 141.38
1523067927, 0, 65, 476, 460, 102, 13.17%, 0, 0, 3, 143.76
1523068062, 0, 65, 477, 461, 102, 13.17%, 0, 0, 3, 146.57
1523068154, 0, 75, 477, 460, 102, 13.17%, 0, 0, 3, 186.04
1523068216, 0, 76, 477, 459, 101, 13.17%, 0, 0, 3, 161.07
1523068221, 0, 76, 478, 460, 101, 13.17%, 0, 0, 3, 147.90
1523068257, 0, 76, 479, 461, 101, 13.17%, 0, 0, 3, 167.87
1523068299, 0, 76, 480, 462, 101, 13.17%, 0, 0, 3, 141.74
1523068335, 0, 76, 481, 463, 101, 13.17%, 0, 0, 3, 143.17
1523068438, 0, 76, 482, 464, 101, 13.17%, 0, 0, 3, 145.86
1523068474, 0, 76, 483, 465, 101, 13.17%, 0, 0, 3, 151.37
1523068531, 0, 77, 483, 464, 100, 13.17%, 0, 0, 3, 180.31
1523068603, 0, 77, 484, 465, 100, 13.18%, 0, 0, 3, 181.95
1523068695, 0, 79, 484, 464, 100, 13.18%, 0, 0, 3, 191.96
1523068767, 0, 79, 485, 465, 100, 13.18%, 0, 0, 3, 194.67
1523068870, 0, 79, 486, 466, 100, 13.18%, 0, 0, 3, 195.20
1523068875, 0, 81, 486, 465, 98, 13.18%, 0, 0, 3, 195.24
1523068880, 0, 81, 487, 466, 98, 13.18%, 0, 0, 3, 193.53
1523069841, 0, 81, 488, 467, 98, 13.18%, 0, 0, 3, 149.33
1523069851, 0, 86, 488, 466, 97, 13.18%, 0, 0, 3, 158.66
1523069862, 0, 86, 491, 469, 97, 13.20%, 0, 0, 3, 155.59
1523069872, 0, 86, 493, 471, 97, 13.21%, 0, 0, 3, 149.83
1523069887, 0, 86, 494, 472, 97, 13.21%, 0, 0, 3, 156.10
1523070004, 0, 86, 495, 473, 97, 13.21%, 0, 0, 3, 154.25
1523070025, 0, 86, 496, 474, 97, 13.21%, 0, 0, 3, 155.80
1523070071, 0, 88, 496, 473, 99, 13.21%, 0, 0, 3, 150.24
1523070162, 0, 88, 497, 474, 99, 13.21%, 0, 0, 3, 166.79
1523070290, 0, 92, 497, 473, 98, 13.21%, 0, 0, 3, 152.04
1523070367, 0, 92, 498, 474, 98, 13.21%, 0, 0, 3, 134.14
1523070496, 0, 92, 499, 475, 98, 13.21%, 0, 0, 3, 146.76
1523070522, 0, 92, 500, 476, 98, 13.21%, 0, 0, 3, 140.06
1523070558, 0, 92, 501, 477, 98, 13.21%, 0, 0, 3, 135.00
1523070599, 0, 92, 502, 478, 98, 13.21%, 0, 0, 3, 145.93
1523070609, 0, 92, 503, 479, 98, 13.21%, 0, 0, 3, 134.85
1523070625, 0, 95, 503, 478, 97, 13.21%, 0, 0, 3, 178.58
1523070702, 0, 95, 504, 479, 97, 13.21%, 0, 0, 3, 169.66
1523070815, 0, 96, 504, 478, 96, 13.21%, 0, 0, 3, 184.77
1523071025, 0, 97, 504, 477, 95, 13.21%, 0, 0, 3, 150.98
1523071030, 0, 97, 505, 478, 95, 13.21%, 0, 0, 3, 153.35
1523071040, 0, 97, 506, 479, 95, 13.32%, 0, 0, 3, 153.73
1523071050, 0, 97, 507, 480, 95, 13.32%, 0, 0, 3, 158.25
1523071066, 0, 97, 508, 481, 95, 13.33%, 0, 0, 3, 156.77
1523071076, 0, 97, 509, 482, 95, 13.33%, 0, 0, 3, 154.75
1523071081, 0, 97, 510, 483, 95, 13.33%, 0, 0, 3, 155.69
1523071086, 0, 98, 510, 482, 99, 13.33%, 0, 0, 3, 159.12
1523071152, 0, 107, 510, 481, 98, 13.33%, 0, 0, 3, 156.89
1523071224, 0, 108, 510, 480, 97, 13.33%, 0, 0, 3, 160.06
1523071280, 0, 108, 511, 481, 97, 13.33%, 0, 0, 3, 156.68
1523071326, 0, 108, 512, 482, 97, 13.33%, 0, 0, 3, 157.37
1523071337, 0, 111, 512, 481, 96, 13.33%, 0, 0, 3, 157.86
1523071418, 0, 112, 512, 480, 95, 13.33%, 0, 0, 3, 159.69
1523071439, 0, 112, 513, 481, 95, 13.33%, 0, 0, 3, 122.48
1523071459, 0, 112, 514, 482, 95, 13.33%, 0, 0, 3, 125.81
1523071788, 0, 112, 515, 483, 95, 13.33%, 0, 0, 3, 130.41
1523071798, 0, 112, 516, 484, 95, 13.33%, 0, 0, 3, 155.86
1523071813, 0, 116, 516, 483, 93, 13.33%, 0, 0, 3, 157.69
1523071819, 0, 116, 517, 484, 93, 13.33%, 0, 0, 3, 135.29
1523071829, 0, 116, 518, 485, 93, 13.33%, 0, 0, 3, 123.88
1523071844, 0, 116, 519, 486, 93, 13.33%, 0, 0, 3, 128.77
1523071855, 0, 116, 520, 487, 93, 13.33%, 0, 0, 3, 127.44
1523071870, 0, 116, 523, 490, 93, 13.33%, 0, 0, 3, 124.39
1523071886, 0, 116, 524, 491, 93, 13.33%, 0, 0, 3, 129.25
1523071979, 0, 116, 525, 492, 93, 13.33%, 0, 0, 3, 126.37
1523072004, 0, 116, 526, 493, 93, 13.33%, 0, 0, 3, 124.49
1523072014, 0, 116, 527, 494, 93, 13.33%, 0, 0, 3, 126.95
1523072096, 0, 116, 528, 495, 93, 13.33%, 0, 0, 3, 127.57
1523072122, 0, 116, 529, 496, 93, 13.33%, 0, 0, 3, 127.85
1523072127, 0, 116, 530, 497, 93, 13.33%, 0, 0, 3, 123.78
1523072162, 0, 116, 531, 498, 93, 13.33%, 0, 0, 3, 130.04
1523072188, 0, 131, 531, 497, 93, 13.33%, 0, 0, 3, 140.24
1523072208, 0, 131, 532, 498, 93, 13.33%, 0, 0, 3, 123.48
1523072245, 0, 131, 533, 499, 93, 13.33%, 0, 0, 3, 126.67
1523072260, 0, 131, 534, 500, 93, 13.33%, 0, 0, 3, 125.81
1523072434, 0, 131, 535, 501, 93, 13.33%, 0, 0, 3, 104.49
1523072553, 0, 135, 535, 500, 93, 13.33%, 0, 0, 3, 150.34
1523072640, 0, 135, 536, 501, 93, 13.33%, 0, 0, 3, 123.29
1523072841, 0, 135, 537, 502, 93, 13.33%, 0, 0, 3, 128.42
1523072926, 0, 137, 537, 501, 92, 13.33%, 0, 0, 3, 152.97
1523073075, 0, 137, 538, 502, 92, 13.33%, 0, 0, 3, 122.41
1523073291, 0, 142, 538, 501, 91, 13.33%, 0, 0, 3, 146.52
1523073404, 0, 142, 539, 502, 91, 13.33%, 0, 0, 3, 130.09
1523073409, 0, 142, 540, 503, 91, 13.33%, 0, 0, 3, 133.14
1523073646, 0, 149, 540, 502, 90, 13.33%, 0, 0, 3, 154.90
1523073651, 0, 149, 542, 504, 90, 13.36%, 1, 0, 3, 171.50
1523073662, 0, 149, 543, 505, 90, 13.36%, 1, 0, 3, 174.22
1523073698, 0, 154, 543, 504, 91, 13.36%, 1, 0, 3, 167.79
1523073713, 0, 154, 545, 506, 91, 13.38%, 1, 0, 3, 152.35
1523073723, 0, 154, 546, 507, 91, 13.38%, 1, 0, 3, 154.46
1523073728, 0, 154, 547, 508, 91, 13.38%, 1, 0, 3, 151.95
1523073743, 0, 154, 550, 511, 91, 13.40%, 1, 0, 3, 146.69
1523073805, 0, 154, 551, 512, 91, 13.42%, 1, 0, 3, 151.14
1523073944, 0, 154, 553, 514, 91, 13.42%, 1, 0, 3, 156.96
1523073949, 0, 158, 553, 513, 96, 13.42%, 1, 0, 3, 165.73
1523073954, 0, 158, 554, 514, 96, 13.42%, 1, 0, 3, 150.66
1523073969, 0, 158, 555, 515, 96, 13.42%, 1, 0, 3, 140.26
1523073980, 0, 158, 556, 516, 96, 13.42%, 1, 0, 3, 144.13
1523073995, 0, 158, 559, 519, 96, 13.43%, 1, 0, 3, 156.54
1523074150, 0, 158, 561, 521, 96, 13.43%, 1, 0, 3, 144.60
1523074237, 0, 161, 561, 520, 97, 13.43%, 1, 0, 3, 174.53
1523074441, 0, 164, 561, 519, 96, 13.43%, 1, 0, 3, 155.58
1523076322, 0, 164, 562, 520, 96, 13.43%, 1, 0, 3, 142.74
1523076332, 0, 165, 562, 519, 95, 13.43%, 1, 0, 3, 112.01
1523076409, 0, 165, 563, 520, 95, 13.43%, 1, 0, 3, 69.42
1523076569, 0, 165, 564, 521, 95, 13.43%, 1, 0, 3, 67.35
1523076780, 0, 165, 565, 522, 95, 13.43%, 1, 0, 3, 72.95
1523076841, 0, 165, 566, 523, 95, 13.43%, 1, 0, 3, 76.23
1523076949, 0, 170, 566, 522, 94, 13.43%, 1, 0, 3, 88.85
